Month,Date,Beginning Balance,Payment,Principal,Interest,PMI/MIP,Total Payment,Ending Balance
1,2024-01-31,204500.0,1670.94,733.65,937.29,0.0,1670.94,203766.35
2,2024-03-01,203766.35,1670.94,737.01,933.93,0.0,1670.94,203029.34
3,2024-03-31,203029.34,1670.94,740.39,930.55,0.0,1670.94,202288.95
4,2024-04-30,202288.95,1670.94,743.78,927.16,0.0,1670.94,201545.17
5,2024-05-30,201545.17,1670.94,747.19,923.75,0.0,1670.94,200797.98
6,2024-06-29,200797.98,1670.94,750.62,920.32,0.0,1670.94,200047.36
7,2024-07-29,200047.36,1670.94,754.06,916.88,0.0,1670.94,199293.3
8,2024-08-28,199293.3,1670.94,757.51,913.43,0.0,1670.94,198535.79
9,2024-09-27,198535.79,1670.94,760.98,909.96,0.0,1670.94,197774.81
10,2024-10-27,197774.81,1670.94,764.47,906.47,0.0,1670.94,197010.34
11,2024-11-26,197010.34,1670.94,767.98,902.96,0.0,1670.94,196242.36
12,2024-12-26,196242.36,1670.94,771.5,899.44,0.0,1670.94,195470.86
13,2025-01-25,195470.86,1670.94,775.03,895.91,0.0,1670.94,194695.83
14,2025-02-24,194695.83,1670.94,778.58,892.36,0.0,1670.94,193917.25
15,2025-03-26,193917.25,1670.94,782.15,888.79,0.0,1670.94,193135.1
16,2025-04-25,193135.1,1670.94,785.74,885.2,0.0,1670.94,192349.36
17,2025-05-25,192349.36,1670.94,789.34,881.6,0.0,1670.94,191560.02
18,2025-06-24,191560.02,1670.93,792.95,877.98,0.0,1670.93,190767.07
19,2025-07-24,190767.07,1670.94,796.59,874.35,0.0,1670.94,189970.48
20,2025-08-23,189970.48,1670.93,800.23,870.7,0.0,1670.93,189170.25
21,2025-09-22,189170.25,1670.94,803.91,867.03,0.0,1670.94,188366.34
22,2025-10-22,188366.34,1670.93,807.58,863.35,0.0,1670.93,187558.76
23,2025-11-21,187558.76,1670.94,811.3,859.64,0.0,1670.94,186747.46
24,2025-12-21,186747.46,1670.93,815.0,855.93,0.0,1670.93,185932.46
25,2026-01-20,185932.46,1670.94,818.75,852.19,0.0,1670.94,185113.71
26,2026-02-19,185113.71,1670.94,822.5,848.44,0.0,1670.94,184291.21
27,2026-03-21,184291.21,1670.93,826.26,844.67,0.0,1670.93,183464.95
28,2026-04-20,183464.95,1670.94,830.06,840.88,0.0,1670.94,182634.89
29,2026-05-20,182634.89,1670.93,833.85,837.08,0.0,1670.93,181801.04
30,2026-06-19,181801.04,1670.94,837.69,833.25,0.0,1670.94,180963.35
31,2026-07-19,180963.35,1670.93,841.51,829.42,0.0,1670.93,180121.84
32,2026-08-18,180121.84,1670.94,845.38,825.56,0.0,1670.94,179276.46
33,2026-09-17,179276.46,1670.94,849.26,821.68,0.0,1670.94,178427.2
34,2026-10-17,178427.2,1670.93,853.14,817.79,0.0,1670.93,177574.06
35,2026-11-16,177574.06,1670.93,857.05,813.88,0.0,1670.93,176717.01
36,2026-12-16,176717.01,1670.94,860.99,809.95,0.0,1670.94,175856.02
37,2027-01-15,175856.02,1670.93,864.92,806.01,0.0,1670.93,174991.1
38,2027-02-14,174991.1,1670.94,868.9,802.04,0.0,1670.94,174122.2
39,2027-03-16,174122.2,1670.93,872.87,798.06,0.0,1670.93,173249.33
40,2027-04-15,173249.33,1670.94,876.88,794.06,0.0,1670.94,172372.45
41,2027-05-15,172372.45,1670.93,880.89,790.04,0.0,1670.93,171491.56
42,2027-06-14,171491.56,1670.94,884.94,786.0,0.0,1670.94,170606.62
43,2027-07-14,170606.62,1670.93,888.98,781.95,0.0,1670.93,169717.64
44,2027-08-13,169717.64,1670.94,893.07,777.87,0.0,1670.94,168824.57
45,2027-09-12,168824.57,1670.93,897.15,773.78,0.0,1670.93,167927.42
46,2027-10-12,167927.42,1670.93,901.26,769.67,0.0,1670.93,167026.16
47,2027-11-11,167026.16,1670.94,905.4,765.54,0.0,1670.94,166120.76
48,2027-12-11,166120.76,1670.94,909.55,761.39,0.0,1670.94,165211.21
49,2028-01-10,165211.21,1670.94,913.72,757.22,0.0,1670.94,164297.49
50,2028-02-09,164297.49,1670.94,917.91,753.03,0.0,1670.94,163379.58
51,2028-03-10,163379.58,1670.93,922.11,748.82,0.0,1670.93,162457.47
52,2028-04-09,162457.47,1670.93,926.33,744.6,0.0,1670.93,161531.14
53,2028-05-09,161531.14,1670.94,930.59,740.35,0.0,1670.94,160600.55
54,2028-06-08,160600.55,1670.93,934.84,736.09,0.0,1670.93,159665.71
55,2028-07-08,159665.71,1670.94,939.14,731.8,0.0,1670.94,158726.57
56,2028-08-07,158726.57,1670.94,943.44,727.5,0.0,1670.94,157783.13
57,2028-09-06,157783.13,1670.94,947.77,723.17,0.0,1670.94,156835.36
58,2028-10-06,156835.36,1670.93,952.1,718.83,0.0,1670.93,155883.26
59,2028-11-05,155883.26,1670.93,956.47,714.46,0.0,1670.93,154926.79
60,2028-12-05,154926.79,1670.93,960.85,710.08,0.0,1670.93,153965.94
61,2029-01-04,153965.94,1670.94,965.26,705.68,0.0,1670.94,153000.68
62,2029-02-03,153000.68,1670.94,969.69,701.25,0.0,1670.94,152030.99
63,2029-03-05,152030.99,1670.93,974.12,696.81,0.0,1670.93,151056.87
64,2029-04-04,151056.87,1670.93,978.59,692.34,0.0,1670.93,150078.28
65,2029-05-04,150078.28,1670.94,983.08,687.86,0.0,1670.94,149095.2
66,2029-06-03,149095.2,1670.93,987.58,683.35,0.0,1670.93,148107.62
67,2029-07-03,148107.62,1670.93,992.1,678.83,0.0,1670.93,147115.52
68,2029-08-02,147115.52,1670.94,996.66,674.28,0.0,1670.94,146118.86
69,2029-09-01,146118.86,1670.94,1001.23,669.71,0.0,1670.94,145117.63
70,2029-10-01,145117.63,1670.93,1005.81,665.12,0.0,1670.93,144111.82
71,2029-10-31,144111.82,1670.93,1010.42,660.51,0.0,1670.93,143101.4
72,2029-11-30,143101.4,1670.94,1015.06,655.88,0.0,1670.94,142086.34
73,2029-12-30,142086.34,1670.93,1019.7,651.23,0.0,1670.93,141066.64
74,2030-01-29,141066.64,1670.94,1024.38,646.56,0.0,1670.94,140042.26
75,2030-02-28,140042.26,1670.94,1029.08,641.86,0.0,1670.94,139013.18
76,2030-03-30,139013.18,1670.93,1033.79,637.14,0.0,1670.93,137979.39
77,2030-04-29,137979.39,1670.93,1038.52,632.41,0.0,1670.93,136940.87
78,2030-05-29,136940.87,1670.94,1043.29,627.65,0.0,1670.94,135897.58
79,2030-06-28,135897.58,1670.94,1048.08,622.86,0.0,1670.94,134849.5
80,2030-07-28,134849.5,1670.93,1052.87,618.06,0.0,1670.93,133796.63
81,2030-08-27,133796.63,1670.94,1057.71,613.23,0.0,1670.94,132738.92
82,2030-09-26,132738.92,1670.93,1062.54,608.39,0.0,1670.93,131676.38
83,2030-10-26,131676.38,1670.93,1067.41,603.52,0.0,1670.93,130608.97
84,2030-11-25,130608.97,1670.94,1072.32,598.62,0.0,1670.94,129536.65
85,2030-12-25,129536.65,1670.93,1077.22,593.71,0.0,1670.93,128459.43
86,2031-01-24,128459.43,1670.94,1082.17,588.77,0.0,1670.94,127377.26
87,2031-02-23,127377.26,1670.93,1087.12,583.81,0.0,1670.93,126290.14
88,2031-03-25,126290.14,1670.93,1092.1,578.83,0.0,1670.93,125198.04
89,2031-04-24,125198.04,1670.94,1097.12,573.82,0.0,1670.94,124100.92
90,2031-05-24,124100.92,1670.93,1102.13,568.8,0.0,1670.93,122998.79
91,2031-06-23,122998.79,1670.94,1107.2,563.74,0.0,1670.94,121891.59
92,2031-07-23,121891.59,1670.93,1112.26,558.67,0.0,1670.93,120779.33
93,2031-08-22,120779.33,1670.93,1117.36,553.57,0.0,1670.93,119661.97
94,2031-09-21,119661.97,1670.94,1122.49,548.45,0.0,1670.94,118539.48
95,2031-10-21,118539.48,1670.93,1127.62,543.31,0.0,1670.93,117411.86
96,2031-11-20,117411.86,1670.94,1132.8,538.14,0.0,1670.94,116279.06
97,2031-12-20,116279.06,1670.94,1137.99,532.95,0.0,1670.94,115141.07
98,2032-01-19,115141.07,1670.94,1143.21,527.73,0.0,1670.94,113997.86
99,2032-02-18,113997.86,1670.93,1148.44,522.49,0.0,1670.93,112849.42
100,2032-03-19,112849.42,1670.94,1153.71,517.23,0.0,1670.94,111695.71
101,2032-04-18,111695.71,1670.94,1159.0,511.94,0.0,1670.94,110536.71
102,2032-05-18,110536.71,1670.93,1164.3,506.63,0.0,1670.93,109372.41
103,2032-06-17,109372.41,1670.94,1169.65,501.29,0.0,1670.94,108202.76
104,2032-07-17,108202.76,1670.94,1175.01,495.93,0.0,1670.94,107027.75
105,2032-08-16,107027.75,1670.93,1180.39,490.54,0.0,1670.93,105847.36
106,2032-09-15,105847.36,1670.93,1185.8,485.13,0.0,1670.93,104661.56
107,2032-10-15,104661.56,1670.93,1191.23,479.7,0.0,1670.93,103470.33
108,2032-11-14,103470.33,1670.94,1196.7,474.24,0.0,1670.94,102273.63
109,2032-12-14,102273.63,1670.94,1202.19,468.75,0.0,1670.94,101071.44
110,2033-01-13,101071.44,1670.93,1207.69,463.24,0.0,1670.93,99863.75
111,2033-02-12,99863.75,1670.93,1213.22,457.71,0.0,1670.93,98650.53
112,2033-03-14,98650.53,1670.93,1218.78,452.15,0.0,1670.93,97431.75
113,2033-04-13,97431.75,1670.94,1224.38,446.56,0.0,1670.94,96207.37
114,2033-05-13,96207.37,1670.93,1229.98,440.95,0.0,1670.93,94977.39
115,2033-06-12,94977.39,1670.94,1235.63,435.31,0.0,1670.94,93741.76
116,2033-07-12,93741.76,1670.93,1241.28,429.65,0.0,1670.93,92500.48
117,2033-08-11,92500.48,1670.94,1246.98,423.96,0.0,1670.94,91253.5
118,2033-09-10,91253.5,1670.93,1252.68,418.25,0.0,1670.93,90000.82
119,2033-10-10,90000.82,1670.94,1258.44,412.5,0.0,1670.94,88742.38
120,2033-11-09,88742.38,1670.93,1264.19,406.74,0.0,1670.93,87478.19
121,2033-12-09,87478.19,1670.94,1270.0,400.94,0.0,1670.94,86208.19
122,2034-01-08,86208.19,1670.93,1275.81,395.12,0.0,1670.93,84932.38
123,2034-02-07,84932.38,1670.94,1281.67,389.27,0.0,1670.94,83650.71
124,2034-03-09,83650.71,1670.93,1287.53,383.4,0.0,1670.93,82363.18
125,2034-04-08,82363.18,1670.93,1293.43,377.5,0.0,1670.93,81069.75
126,2034-05-08,81069.75,1670.94,1299.37,371.57,0.0,1670.94,79770.38
127,2034-06-07,79770.38,1670.94,1305.33,365.61,0.0,1670.94,78465.05
128,2034-07-07,78465.05,1670.93,1311.3,359.63,0.0,1670.93,77153.75
129,2034-08-06,77153.75,1670.93,1317.31,353.62,0.0,1670.93,75836.44
130,2034-09-05,75836.44,1670.94,1323.36,347.58,0.0,1670.94,74513.08
131,2034-10-05,74513.08,1670.93,1329.41,341.52,0.0,1670.93,73183.67
132,2034-11-04,73183.67,1670.93,1335.5,335.43,0.0,1670.93,71848.17
133,2034-12-04,71848.17,1670.94,1341.64,329.3,0.0,1670.94,70506.53
134,2035-01-03,70506.53,1670.93,1347.78,323.15,0.0,1670.93,69158.75
135,2035-02-02,69158.75,1670.93,1353.95,316.98,0.0,1670.93,67804.8
136,2035-03-04,67804.8,1670.94,1360.17,310.77,0.0,1670.94,66444.63
137,2035-04-03,66444.63,1670.93,1366.39,304.54,0.0,1670.93,65078.24
138,2035-05-03,65078.24,1670.94,1372.66,298.28,0.0,1670.94,63705.58
139,2035-06-02,63705.58,1670.94,1378.96,291.98,0.0,1670.94,62326.62
140,2035-07-02,62326.62,1670.93,1385.27,285.66,0.0,1670.93,60941.35
141,2035-08-01,60941.35,1670.93,1391.62,279.31,0.0,1670.93,59549.73
142,2035-08-31,59549.73,1670.93,1397.99,272.94,0.0,1670.93,58151.74
143,2035-09-30,58151.74,1670.94,1404.41,266.53,0.0,1670.94,56747.33
144,2035-10-30,56747.33,1670.94,1410.85,260.09,0.0,1670.94,55336.48
145,2035-11-29,55336.48,1670.93,1417.3,253.63,0.0,1670.93,53919.18
146,2035-12-29,53919.18,1670.94,1423.81,247.13,0.0,1670.94,52495.37
147,2036-01-28,52495.37,1670.94,1430.34,240.6,0.0,1670.94,51065.03
148,2036-02-27,51065.03,1670.93,1436.88,234.05,0.0,1670.93,49628.15
149,2036-03-28,49628.15,1670.94,1443.48,227.46,0.0,1670.94,48184.67
150,2036-04-27,48184.67,1670.93,1450.08,220.85,0.0,1670.93,46734.59
151,2036-05-27,46734.59,1670.94,1456.74,214.2,0.0,1670.94,45277.85
152,2036-06-26,45277.85,1670.93,1463.41,207.52,0.0,1670.93,43814.44
153,2036-07-26,43814.44,1670.93,1470.11,200.82,0.0,1670.93,42344.33
154,2036-08-25,42344.33,1670.94,1476.86,194.08,0.0,1670.94,40867.47
155,2036-09-24,40867.47,1670.94,1483.63,187.31,0.0,1670.94,39383.84
156,2036-10-24,39383.84,1670.93,1490.42,180.51,0.0,1670.93,37893.42
157,2036-11-23,37893.42,1670.94,1497.26,173.68,0.0,1670.94,36396.16
158,2036-12-23,36396.16,1670.94,1504.12,166.82,0.0,1670.94,34892.04
159,2037-01-22,34892.04,1670.94,1511.02,159.92,0.0,1670.94,33381.02
160,2037-02-21,33381.02,1670.93,1517.93,153.0,0.0,1670.93,31863.09
161,2037-03-23,31863.09,1670.94,1524.9,146.04,0.0,1670.94,30338.19
162,2037-04-22,30338.19,1670.93,1531.88,139.05,0.0,1670.93,28806.31
163,2037-05-22,28806.31,1670.94,1538.91,132.03,0.0,1670.94,27267.4
164,2037-06-21,27267.4,1670.93,1545.95,124.98,0.0,1670.93,25721.45
165,2037-07-21,25721.45,1670.94,1553.05,117.89,0.0,1670.94,24168.4
166,2037-08-20,24168.4,1670.94,1560.17,110.77,0.0,1670.94,22608.23
167,2037-09-19,22608.23,1670.93,1567.31,103.62,0.0,1670.93,21040.92
168,2037-10-19,21040.92,1670.94,1574.5,96.44,0.0,1670.94,19466.42
169,2037-11-18,19466.42,1670.93,1581.71,89.22,0.0,1670.93,17884.71
170,2037-12-18,17884.71,1670.94,1588.97,81.97,0.0,1670.94,16295.74
171,2038-01-17,16295.74,1670.93,1596.24,74.69,0.0,1670.93,14699.5
172,2038-02-16,14699.5,1670.94,1603.57,67.37,0.0,1670.94,13095.93
173,2038-03-18,13095.93,1670.93,1610.91,60.02,0.0,1670.93,11485.02
174,2038-04-17,11485.02,1670.93,1618.29,52.64,0.0,1670.93,9866.73
175,2038-05-17,9866.73,1670.94,1625.72,45.22,0.0,1670.94,8241.01
176,2038-06-16,8241.01,1670.93,1633.16,37.77,0.0,1670.93,6607.85
177,2038-07-16,6607.85,1670.93,1640.64,30.29,0.0,1670.93,4967.21
178,2038-08-15,4967.21,1670.94,1648.17,22.77,0.0,1670.94,3319.04
179,2038-09-14,3319.04,1670.94,1655.73,15.21,0.0,1670.94,1663.31
180,2038-10-14,1663.31,1670.93,1663.31,7.62,0.0,1670.93,0.0
